0.000000000000000000e+00 0.000000000000000000e+00 0.000000000000000000e+00 0.000000000000000000e+00 0.000000000000000000e+00
5.629235632395440669e-01 6.723725485513490918e-01 6.144765821097911696e-01 6.419948576182178401e-01 5.636491773077159095e-01
0.000000000000000000e+00 0.000000000000000000e+00 0.000000000000000000e+00 0.000000000000000000e+00 0.000000000000000000e+00
6.076384559128964469e-01 6.059653252922222455e-01 5.964386302583659649e-01 6.124435158690908487e-01 5.366962187915603755e-01
6.219348454006358162e-01 6.252627817214629902e-01 6.373410396323231364e-01 6.267691946206601639e-01 5.799764701752040397e-01
6.676777009583424460e-01 6.631995966737957993e-01 6.705385218688232341e-01 6.068075743778210684e-01 6.020662369677285408e-01
6.274648227706214332e-01 6.920087593517765256e-01 6.470344459405319437e-01 6.410878024209425430e-01 5.488851158757031001e-01
0.000000000000000000e+00 0.000000000000000000e+00 0.000000000000000000e+00 0.000000000000000000e+00 0.000000000000000000e+00
0.000000000000000000e+00 0.000000000000000000e+00 0.000000000000000000e+00 0.000000000000000000e+00 0.000000000000000000e+00
4.727444442938570912e-01 5.189560887980511072e-01 5.432948622855362508e-01 4.883941127525168735e-01 4.352277110999434595e-01
3.747110117072288693e-01 3.764633179855531586e-01 3.890278487865677648e-01 3.404552199989863692e-01 3.024111623924872760e-01
0.000000000000000000e+00 0.000000000000000000e+00 0.000000000000000000e+00 5.812404160743115389e-01 0.000000000000000000e+00
0.000000000000000000e+00 0.000000000000000000e+00 0.000000000000000000e+00 5.725514939116035373e-01 0.000000000000000000e+00
5.556383858338560522e-01 6.401371059773952599e-01 6.175575181279734371e-01 6.010012849486796593e-01 6.322343354078602262e-01
4.194006196767028349e-01 5.471539807686378598e-01 5.290499275796739509e-01 5.075842597495192621e-01 4.883615458123821695e-01
5.780099607254602923e-01 6.252599224751054230e-01 5.937340517833309406e-01 5.998780570756786501e-01 5.148912280292446964e-01
6.024422872657988481e-01 6.387429596634377482e-01 5.810245016035677779e-01 5.634900722050050215e-01 5.463451408546150523e-01
6.065500809757863321e-01 5.897581984868907057e-01 5.620045238194373294e-01 0.000000000000000000e+00 0.000000000000000000e+00
5.454627352212141345e-01 5.954023723493276909e-01 5.328397425376972807e-01 5.920326104622327668e-01 4.705808109987810184e-01
6.026136507423879296e-01 6.299863128650686761e-01 6.691517838378843175e-01 5.928382686081535846e-01 5.870168890390922156e-01
5.930886190006479097e-01 5.887007148123022393e-01 6.345845745550069417e-01 5.456579655722496591e-01 5.932367318885893859e-01
3.699349803908457690e-01 3.834265725795764634e-01 4.150230887840741789e-01 3.782040825662663641e-01 2.930082860399274569e-01
0.000000000000000000e+00 0.000000000000000000e+00 0.000000000000000000e+00 0.000000000000000000e+00 0.000000000000000000e+00
4.383761364839448005e-01 4.673062111280347763e-01 4.890129058299050868e-01 4.348994064631261924e-01 4.728217861818792001e-01
5.450072885921886101e-01 6.059771803366795773e-01 5.483076036529311859e-01 5.935194427693881725e-01 5.199812909968367647e-01
6.794737044175006568e-01 6.808635459030619730e-01 6.524396343418656929e-01 6.883368684168943430e-01 5.450540152635298119e-01
4.564893621429483850e-01 4.936634554119964657e-01 4.810629131063564046e-01 5.198759321110638654e-01 5.445814556182452248e-01
5.224308627568926555e-01 5.282376294170963993e-01 4.873946747733963747e-01 5.142921490538575613e-01 4.310999179736955678e-01
5.764615511734014763e-01 6.008883319973608028e-01 5.841244945389503229e-01 6.160555829345397694e-01 5.470987292740797647e-01
4.144404281646660859e-01 5.503433977420160161e-01 4.350290190602903451e-01 5.851837790400722383e-01 4.424062201818777518e-01
6.046349929180857563e-01 5.951018641705048129e-01 6.268213285003436663e-01 5.531626299848950712e-01 4.666790853840979691e-01
5.344624784943051710e-01 0.000000000000000000e+00 0.000000000000000000e+00 0.000000000000000000e+00 0.000000000000000000e+00
0.000000000000000000e+00 0.000000000000000000e+00 0.000000000000000000e+00 0.000000000000000000e+00 0.000000000000000000e+00
5.631190691535318260e-01 6.693813978825031707e-01 6.784587863988974510e-01 6.912736589926699038e-01 5.416476452588305790e-01
6.061954786970535913e-01 6.499076155927347997e-01 6.405548718553533138e-01 5.979850957129233535e-01 5.271351048536556672e-01
0.000000000000000000e+00 0.000000000000000000e+00 0.000000000000000000e+00 0.000000000000000000e+00 6.494215370575486812e-01
0.000000000000000000e+00 0.000000000000000000e+00 0.000000000000000000e+00 0.000000000000000000e+00 0.000000000000000000e+00
4.781062494080762781e-01 5.761759630609394334e-01 5.015426296604633682e-01 5.391889613274147841e-01 3.971870522560034811e-01
5.022201074229266649e-01 5.915140559632360295e-01 5.419116660769973670e-01 5.928548259480834748e-01 5.052892950015159812e-01
5.001013394486464314e-01 5.184728318121412105e-01 4.822329398365898800e-01 5.535711147555207878e-01 3.933958726194112243e-01
4.776805195604647003e-01 4.682909788906043369e-01 4.658764120877483816e-01 4.319399230244017063e-01 3.854336604865424842e-01
6.191227299646795412e-01 6.146233719483322755e-01 5.639666515905028543e-01 6.409982914852097036e-01 4.728998066710042858e-01
6.233947019778948162e-01 5.860137794834117120e-01 6.043192164767854369e-01 5.564587296494551971e-01 5.339333049877202919e-01
5.921100934191889653e-01 6.017665763461328421e-01 5.948105846622041559e-01 5.735655731153146419e-01 4.884390191368757628e-01
5.524817967956463516e-01 5.275332030309310971e-01 5.131353773039192268e-01 5.759717517565765554e-01 4.548016663712856067e-01
0.000000000000000000e+00 0.000000000000000000e+00 0.000000000000000000e+00 0.000000000000000000e+00 0.000000000000000000e+00
0.000000000000000000e+00 0.000000000000000000e+00 0.000000000000000000e+00 0.000000000000000000e+00 0.000000000000000000e+00
0.000000000000000000e+00 0.000000000000000000e+00 0.000000000000000000e+00 0.000000000000000000e+00 0.000000000000000000e+00
6.628249174177123226e-01 6.257954181303129193e-01 6.112148324626263118e-01 6.220443595660565261e-01 5.284194043380933126e-01
5.620101884497873401e-01 5.324852257803512900e-01 5.293677607138064234e-01 5.001143848454683294e-01 4.440494111842707148e-01
5.573867105072268791e-01 6.277516466548962448e-01 5.676510147345320556e-01 5.999752845924256617e-01 5.124958403600979873e-01
6.033814326515539728e-01 6.130013442633039933e-01 6.106708031417149574e-01 5.812718792919683297e-01 5.294060965825183596e-01
5.263614259316996558e-01 5.589995055879287689e-01 4.754216370054328289e-01 5.551718628249193710e-01 4.577164978008031460e-01
4.895007887628064491e-01 5.512267224604961990e-01 5.502143420692082731e-01 5.277750793041245947e-01 3.933624997876557505e-01
6.130681748192599034e-01 6.505697852897167621e-01 6.020980562566374816e-01 6.331399989495116731e-01 6.188358345979489972e-01
0.000000000000000000e+00 5.031682575740780150e-01 0.000000000000000000e+00 4.737060780236449498e-01 0.000000000000000000e+00
6.697298098862156657e-01 6.467275737039102079e-01 7.114536993921374286e-01 6.252192921810701964e-01 5.508053173803920677e-01
0.000000000000000000e+00 0.000000000000000000e+00 0.000000000000000000e+00 0.000000000000000000e+00 0.000000000000000000e+00
0.000000000000000000e+00 0.000000000000000000e+00 0.000000000000000000e+00 0.000000000000000000e+00 0.000000000000000000e+00
5.266217506272345972e-01 5.564408580228054069e-01 5.144568380224607829e-01 5.451582211852922244e-01 4.733801128378934409e-01
4.826924869536781126e-01 5.566049167964318700e-01 6.679541149336160055e-01 5.132534439855580555e-01 5.104365642339105946e-01
5.470726974083249816e-01 5.673523200802979005e-01 5.732554735416440783e-01 5.476776322736739422e-01 4.749487304485237038e-01
3.965249584279870176e-01 5.161390515515775768e-01 4.652547813017897105e-01 5.427523449359045182e-01 3.499288389470200378e-01
5.281115072225410767e-01 5.959727366905088752e-01 6.092601626315039542e-01 5.620030482739426514e-01 4.718705637845654333e-01
5.334837091419487587e-01 5.851567044124987849e-01 6.302645504699573298e-01 5.433773957469035798e-01 5.476379679453210469e-01
6.301197285242072788e-01 7.566333210673102938e-01 6.953837798717216190e-01 6.819784203752692342e-01 6.083636267098185835e-01
4.738496715885737176e-01 4.775800843067497525e-01 5.257718807969405939e-01 4.985993257452531746e-01 3.792046949515671117e-01
5.129786062406987979e-01 5.358129921274347174e-01 4.882178003288127344e-01 5.279600240766603170e-01 4.759559928095334902e-01
6.311253550236217702e-01 6.706428747522361622e-01 5.683433964443451725e-01 7.120135567386077780e-01 5.167526604486168962e-01
5.525531315596219351e-01 5.824390544937378955e-01 5.214601181755743609e-01 5.775697685047478380e-01 4.103046346973317493e-01
5.996601466175732753e-01 6.017917224975873891e-01 5.544685412829891691e-01 6.327833954163826213e-01 4.878978685739555066e-01
0.000000000000000000e+00 0.000000000000000000e+00 0.000000000000000000e+00 0.000000000000000000e+00 0.000000000000000000e+00
4.244453301061933970e-01 4.986074617496345507e-01 5.255433562362747946e-01 4.912163946818482452e-01 4.609652818239973748e-01
6.706038081125149652e-01 6.596280473341805672e-01 6.845286295359430673e-01 6.113992980748053085e-01 6.144347190722656560e-01
6.076145986548896483e-01 6.873347750750984364e-01 6.649239769944735867e-01 6.538317432704543464e-01 5.958765852008812702e-01
4.425568458994279530e-01 5.033010236111503666e-01 4.745427840790600316e-01 5.522391874253028687e-01 4.088404017337476937e-01
5.986022738101509644e-01 6.430795223303595876e-01 5.884898447516330178e-01 5.913561048008983967e-01 5.095912029718050462e-01
5.741746000037935005e-01 5.748988595156577786e-01 5.846573195961454195e-01 5.777935319466928066e-01 4.751596835499880545e-01
6.404735721069778620e-01 6.526370665060189369e-01 6.444497090793074312e-01 6.118056180098824237e-01 6.036025261217521365e-01
5.827841850277102331e-01 6.018601982349731649e-01 6.102280092887860663e-01 5.584192900107753932e-01 5.042501585106441420e-01
5.045743358530322409e-01 5.207890375919128623e-01 5.271145034620503544e-01 4.988374899136865936e-01 4.069446002578164800e-01
7.609352923854322270e-01 7.584849260186755648e-01 6.060537709054271138e-01 6.913696733652230364e-01 5.919672362929716547e-01
6.204518462519044153e-01 6.276356941254862543e-01 5.829479834325183019e-01 6.452352123944232742e-01 5.122463567763287928e-01
